0.000000	34.805092
0.050000	34.805092
0.100000	34.805092
0.150000	34.183599
0.200000	34.307923
0.250000	34.929353
0.300000	34.929353
0.350000	34.556532
0.400000	34.307923
0.450000	34.307923
0.500000	34.929353
0.550000	34.556532
0.600000	35.177837
0.650000	35.177837
0.700000	34.805092
0.750000	34.805092
0.800000	34.805092
0.850000	34.680818
0.900000	34.929353
0.950000	34.805092
1.000000	34.432234
1.050000	34.929353
1.100000	34.805092
1.150000	34.059263
1.200000	34.680818
1.250000	34.059263
1.300000	34.805092
1.350000	34.805092
1.400000	34.805092
1.450000	34.307923
1.500000	34.929353
1.550000	34.680818
1.600000	35.053601
1.650000	34.556532
1.700000	35.177837
1.750000	34.680818
1.800000	34.432234
1.850000	34.929353
1.900000	34.680818
1.950000	34.432234
2.000000	34.556532
2.050000	34.929353
2.100000	35.053601
2.150000	34.805092
2.200000	34.805092
2.250000	35.053601
2.300000	34.929353
2.350000	34.556532
2.400000	34.680818
2.450000	34.805092
2.500000	34.556532
2.550000	35.053601
2.600000	34.556532
2.650000	34.680818
2.700000	34.929353
2.750000	34.183599
2.800000	35.053601
2.850000	34.307923
2.900000	34.805092
2.950000	34.805092
3.000000	34.183599
3.050000	34.556532
3.100000	34.432234
3.150000	34.805092
3.200000	34.805092
3.250000	34.556532
3.300000	34.680818
3.350000	34.805092
3.400000	34.680818
3.450000	34.432234
3.500000	34.307923
3.550000	34.307923
3.600000	34.307923
3.650000	34.680818
3.700000	34.805092
3.750000	34.556532
3.800000	34.183599
3.850000	35.053601
3.900000	34.059263
3.950000	35.053601
4.000000	34.680818
4.050000	34.680818
4.100000	35.053601
4.150000	34.432234
4.200000	34.556532
4.250000	34.805092
4.300000	34.805092
4.350000	34.556532
4.400000	34.432234
4.450000	34.929353
4.500000	34.556532
4.550000	34.929353
4.600000	34.929353
4.650000	34.805092
4.700000	34.805092
4.750000	34.805092
4.800000	35.053601
4.850000	34.805092
4.900000	34.805092
4.950000	34.680818
5.000000	34.680818
5.050000	34.929353
5.100000	35.053601
5.150000	34.680818
5.200000	34.680818
5.250000	35.053601
5.300000	34.929353
5.350000	34.556532
5.400000	34.805092
5.450000	34.556532
5.500000	34.929353
5.550000	34.929353
5.600000	34.929353
5.650000	34.556532
5.700000	34.929353
5.750000	35.302060
5.800000	35.177837
5.850000	34.432234
5.900000	34.556532
5.950000	34.929353
6.000000	34.805092
6.050000	34.805092
6.100000	34.929353
6.150000	34.805092
6.200000	35.177837
6.250000	34.183599
6.300000	34.805092
6.350000	34.307923
6.400000	34.805092
6.450000	34.556532
6.500000	34.680818
6.550000	34.680818
6.600000	35.053601
6.650000	34.929353
6.700000	35.302060
6.750000	34.929353
6.800000	35.053601
6.850000	34.929353
6.900000	34.556532
6.950000	34.805092
7.000000	34.556532
7.050000	35.053601
7.100000	34.307923
7.150000	34.307923
7.200000	34.805092
7.250000	34.307923
7.300000	34.680818
7.350000	34.929353
7.400000	34.680818
7.450000	34.929353
7.500000	34.432234
7.550000	34.805092
7.600000	34.556532
7.650000	34.929353
7.700000	34.805092
7.750000	35.177837
7.800000	34.183599
7.850000	34.929353
7.900000	34.680818
7.950000	34.929353
8.000000	35.177837
8.050000	35.302060
8.100000	34.805092
8.150000	34.680818
8.200000	34.680818
8.250000	34.929353
8.300000	34.183599
8.350000	34.805092
8.400000	34.680818
8.450000	34.556532
8.500000	35.177837
8.550000	34.556532
8.600000	34.556532
8.650000	35.177837
8.700000	35.053601
8.750000	34.680818
8.800000	34.929353
8.850000	35.053601
8.900000	34.680818
8.950000	34.805092
9.000000	34.556532
9.050000	34.059263
9.100000	34.680818
9.150000	34.556532
9.200000	34.680818
9.250000	34.929353
9.300000	34.183599
9.350000	34.929353
9.400000	34.556532
9.450000	34.929353
9.500000	34.307923
9.550000	34.556532
9.600000	34.307923
9.650000	34.805092
9.700000	34.432234
9.750000	34.929353
9.800000	34.556532
9.850000	34.929353
9.900000	35.053601
9.950000	34.680818
10.000000	34.432234
10.050000	34.680818
10.100000	34.059263
10.150000	34.059263
10.200000	34.805092
10.250000	34.556532
10.300000	34.556532
10.350000	34.680818
10.400000	35.177837
10.450000	34.556532
10.500000	34.805092
10.550000	34.805092
10.600000	34.432234
10.650000	34.307923
10.700000	34.307923
10.750000	34.805092
10.800000	34.680818
10.850000	34.680818
10.900000	34.432234
10.950000	34.929353
11.000000	34.680818
11.050000	34.929353
11.100000	34.183599
11.150000	34.556532
11.200000	34.307923
11.250000	34.805092
11.300000	34.556532
11.350000	34.805092
11.400000	34.556532
11.450000	34.680818
11.500000	34.805092
11.550000	34.556532
11.600000	35.302060
11.650000	34.680818
11.700000	34.556532
11.750000	34.432234
11.800000	35.053601
11.850000	34.805092
11.900000	34.432234
11.950000	34.805092
12.000000	34.929353
12.050000	34.556532
12.100000	34.556532
12.150000	34.929353
12.200000	34.680818
12.250000	34.432234
12.300000	34.432234
12.350000	34.805092
12.400000	34.929353
12.450000	35.053601
12.500000	34.556532
12.550000	34.556532
12.600000	34.432234
12.650000	34.556532
12.700000	34.680818
12.750000	34.183599
12.800000	34.805092
12.850000	34.680818
12.900000	34.805092
12.950000	34.183599
13.000000	34.805092
13.050000	34.929353
13.100000	34.432234
13.150000	34.307923
13.200000	34.556532
13.250000	34.432234
13.300000	35.053601
13.350000	34.680818
13.400000	34.556532
13.450000	34.680818
13.500000	34.556532
13.550000	34.805092
13.600000	34.929353
13.650000	34.307923
13.700000	34.307923
13.750000	34.929353
13.800000	35.053601
13.850000	34.680818
13.900000	35.053601
13.950000	34.805092
14.000000	34.556532
14.050000	34.680818
14.100000	34.556532
14.150000	34.680818
14.200000	34.805092
14.250000	34.680818
14.300000	34.680818
14.350000	34.929353
14.400000	34.929353
14.450000	34.556532
14.500000	34.805092
14.550000	34.805092
14.600000	35.053601
14.650000	34.680818
14.700000	34.432234
14.750000	35.177837
14.800000	34.805092
14.850000	34.183599
14.900000	34.432234
14.950000	34.556532
15.000000	35.426271
15.050000	34.680818
15.100000	34.432234
15.150000	35.177837
15.200000	34.680818
15.250000	34.556532
15.300000	34.929353
15.350000	34.432234
15.400000	34.556532
15.450000	34.307923
15.500000	34.805092
15.550000	34.432234
15.600000	34.307923
15.650000	34.805092
15.700000	34.805092
15.750000	35.053601
15.800000	34.556532
15.850000	34.556532
15.900000	34.680818
15.950000	34.929353
16.000000	34.432234
16.050000	34.680818
16.100000	34.556532
16.150000	34.929353
16.200000	34.805092
16.250000	34.307923
16.300000	34.432234
16.350000	34.432234
16.400000	34.556532
16.450000	34.307923
16.500000	34.432234
16.550000	35.302060
16.600000	34.805092
16.650000	34.183599
16.700000	34.805092
16.750000	34.929353
16.800000	35.053601
16.850000	34.556532
16.900000	34.183599
16.950000	34.805092
17.000000	34.805092
17.050000	35.177837
17.100000	34.805092
17.150000	33.934914
17.200000	34.680818
17.250000	35.053601
17.300000	34.680818
17.350000	34.805092
17.400000	34.805092
17.450000	34.680818
17.500000	34.183599
17.550000	34.432234
17.600000	34.805092
17.650000	35.053601
17.700000	34.680818
17.750000	34.432234
17.800000	34.805092
17.850000	34.556532
17.900000	34.929353
17.950000	34.432234
18.000000	34.432234
18.050000	34.307923
18.100000	34.805092
18.150000	34.556532
18.200000	35.177837
18.250000	34.680818
18.300000	35.177837
18.350000	34.929353
18.400000	34.432234
18.450000	34.183599
18.500000	35.053601
18.550000	34.680818
18.600000	35.177837
18.650000	34.556532
18.700000	34.805092
18.750000	33.934914
18.800000	34.556532
18.850000	34.556532
18.900000	34.432234
18.950000	34.432234
19.000000	34.805092
19.050000	34.929353
19.100000	34.556532
19.150000	34.183599
19.200000	34.183599
19.250000	34.556532
19.300000	34.929353
19.350000	34.805092
19.400000	34.805092
19.450000	34.556532
19.500000	34.432234
19.550000	34.929353
19.600000	34.307923
19.650000	34.680818
19.700000	34.680818
19.750000	34.556532
19.800000	34.805092
19.850000	34.805092
19.900000	34.805092
19.950000	34.680818
20.000000	34.432234
20.050000	34.680818
20.100000	34.929353
20.150000	34.432234
20.200000	34.805092
20.250000	34.680818
20.300000	34.556532
20.350000	34.680818
20.400000	34.307923
20.450000	35.053601
20.500000	35.177837
20.550000	34.183599
20.600000	34.929353
20.650000	34.680818
20.700000	34.556532
20.750000	34.680818
20.800000	34.805092
20.850000	34.556532
20.900000	34.556532
20.950000	34.680818
21.000000	34.183599
21.050000	34.556532
21.100000	35.177837
21.150000	34.680818
21.200000	34.805092
21.250000	35.177837
21.300000	34.183599
21.350000	35.053601
21.400000	34.556532
21.450000	35.053601
21.500000	34.680818
21.550000	35.426271
21.600000	35.053601
21.650000	34.805092
21.700000	35.053601
21.750000	34.680818
21.800000	34.183599
21.850000	34.556532
21.900000	34.680818
21.950000	34.680818
22.000000	34.183599
22.050000	34.556532
22.100000	34.680818
22.150000	35.053601
22.200000	34.556532
22.250000	34.307923
22.300000	34.432234
22.350000	34.805092
22.400000	34.556532
22.450000	34.432234
22.500000	34.432234
22.550000	34.680818
22.600000	34.805092
22.650000	34.307923
22.700000	34.556532
22.750000	34.805092
22.800000	34.805092
22.850000	34.183599
22.900000	34.556532
22.950000	34.929353
23.000000	35.302060
23.050000	34.805092
23.100000	34.805092
23.150000	34.805092
23.200000	34.432234
23.250000	34.929353
23.300000	34.556532
23.350000	34.680818
23.400000	35.302060
23.450000	34.929353
23.500000	34.432234
23.550000	35.053601
23.600000	34.805092
23.650000	34.805092
23.700000	34.805092
23.750000	34.432234
23.800000	35.053601
23.850000	34.680818
23.900000	34.929353
23.950000	34.432234
24.000000	35.177837
24.050000	34.556532
24.100000	34.432234
24.150000	34.680818
24.200000	34.929353
24.250000	34.556532
24.300000	35.426271
24.350000	34.929353
24.400000	34.183599
24.450000	35.302060
24.500000	34.680818
24.550000	34.929353
24.600000	34.556532
24.650000	35.053601
24.700000	34.307923
24.750000	34.805092
24.800000	34.556532
24.850000	34.556532
24.900000	35.053601
24.950000	34.929353
25.000000	35.177837
25.050000	34.556532
25.100000	34.929353
25.150000	34.805092
25.200000	35.053601
25.250000	34.929353
25.300000	34.680818
25.350000	34.556532
25.400000	34.805092
25.450000	34.680818
25.500000	34.805092
25.550000	34.929353
25.600000	34.307923
25.650000	35.053601
25.700000	34.680818
25.750000	34.432234
25.800000	34.929353
25.850000	35.053601
25.900000	34.805092
25.950000	34.805092
26.000000	34.432234
26.050000	34.556532
26.100000	34.556532
26.150000	35.053601
26.200000	35.053601
26.250000	34.556532
26.300000	34.432234
26.350000	34.680818
26.400000	34.680818
26.450000	34.307923
26.500000	34.556532
26.550000	35.053601
26.600000	34.805092
26.650000	34.556532
26.700000	34.805092
26.750000	34.680818
26.800000	34.556532
26.850000	34.805092
26.900000	34.805092
26.950000	34.680818
27.000000	34.680818
27.050000	35.053601
27.100000	34.183599
27.150000	34.680818
27.200000	34.805092
27.250000	35.177837
27.300000	34.556532
27.350000	34.556532
27.400000	34.680818
27.450000	34.805092
27.500000	34.680818
27.550000	34.680818
27.600000	34.556532
27.650000	34.929353
27.700000	35.053601
27.750000	34.805092
27.800000	34.307923
27.850000	34.680818
27.900000	34.183599
27.950000	34.556532
28.000000	34.805092
28.050000	34.556532
28.100000	34.805092
28.150000	34.432234
28.200000	34.805092
28.250000	34.680818
28.300000	34.307923
28.350000	34.680818
28.400000	34.307923
28.450000	34.929353
28.500000	34.680818
28.550000	34.805092
28.600000	34.556532
28.650000	34.680818
28.700000	34.805092
28.750000	34.556532
28.800000	34.805092
28.850000	34.929353
28.900000	34.805092
28.950000	34.680818
29.000000	34.432234
29.050000	34.307923
29.100000	34.805092
29.150000	34.556532
29.200000	34.680818
29.250000	34.556532
29.300000	34.805092
29.350000	34.805092
29.400000	34.556532
29.450000	34.680818
29.500000	34.432234
29.550000	34.929353
29.600000	34.805092
29.650000	34.929353
29.700000	34.805092
29.750000	34.307923
29.800000	34.680818
29.850000	34.680818
29.900000	34.680818
29.950000	34.929353
30.000000	34.929353
30.050000	34.183599
30.100000	34.432234
30.150000	34.805092
30.200000	34.805092
30.250000	35.053601
30.300000	34.432234
30.350000	35.053601
30.400000	34.929353
30.450000	34.805092
30.500000	34.805092
30.550000	34.805092
30.600000	34.556532
30.650000	34.556532
30.700000	34.680818
30.750000	35.053601
30.800000	34.929353
30.850000	34.929353
30.900000	34.556532
30.950000	34.929353
31.000000	34.805092
31.050000	34.805092
31.100000	34.432234
31.150000	34.680818
31.200000	34.680818
31.250000	34.556532
31.300000	34.556532
31.350000	34.307923
31.400000	34.680818
31.450000	34.556532
