0.000000	24.924647
0.002000	24.121249
0.115011	24.442679
0.117011	24.764015
0.322032	25.085255
0.324032	23.960498
0.423042	24.281976
0.425042	24.442679
0.522052	24.764015
0.524052	25.566938
0.623062	24.603359
0.625062	24.281976
0.722072	25.406401
0.724072	24.764015
0.821082	24.924647
0.823082	24.924647
0.922092	24.442679
0.924092	24.603359
1.023102	24.121249
1.025102	24.603359
1.122112	23.960498
1.124112	24.603359
1.221122	24.442679
1.223122	24.442679
1.322132	24.442679
1.324132	24.281976
1.423142	24.442679
1.425142	23.960498
1.522152	24.764015
1.524152	24.764015
1.622162	24.924647
1.624162	24.603359
1.723172	23.960498
1.725172	24.603359
1.822182	24.764015
1.824182	24.603359
1.923192	23.799725
1.925192	24.442679
2.022202	24.603359
2.024202	24.281976
2.123212	24.281976
2.125212	24.281976
2.222222	24.442679
2.224222	23.478107
2.322232	24.924647
2.324232	25.085255
2.422242	24.442679
2.424242	24.924647
2.521252	24.764015
2.523252	25.245840
2.622262	23.960498
2.624262	24.442679
2.723272	24.121249
2.725272	24.281976
2.822282	24.603359
2.824282	24.603359
2.921292	24.603359
2.923292	24.121249
3.021302	24.924647
3.023302	24.764015
3.121312	24.603359
3.123312	24.121249
3.219322	24.764015
3.221322	24.764015
3.321332	24.603359
3.323332	24.603359
3.422342	24.603359
3.424342	25.085255
3.522352	24.603359
3.524352	24.121249
3.621362	24.121249
3.623362	24.603359
3.723372	24.442679
3.725372	24.281976
3.821382	23.478107
3.823382	24.442679
3.922392	24.924647
3.924392	24.442679
4.021402	24.281976
4.023402	24.764015
4.122412	25.566938
4.124412	24.924647
4.221422	25.245840
4.223422	24.603359
4.322432	24.603359
4.324432	24.764015
4.421442	24.924647
4.423442	24.764015
4.522452	25.085255
4.524452	24.281976
4.621462	25.406401
4.623462	24.442679
4.721472	24.764015
4.723472	24.764015
4.822482	24.442679
4.824482	24.442679
4.921492	24.603359
4.923492	24.603359
5.022502	24.764015
5.024502	24.442679
5.122512	24.281976
5.124512	24.121249
5.221522	24.764015
5.223522	24.764015
5.322532	24.764015
5.324532	24.442679
5.421542	24.603359
5.423542	24.764015
5.522552	24.442679
5.524552	24.121249
5.621562	24.603359
5.623562	25.245840
5.722572	24.442679
5.724572	24.603359
5.822582	24.442679
5.824582	24.924647
5.921592	24.442679
5.923592	23.799725
6.022602	24.603359
6.024602	24.603359
6.137614	24.281976
6.139614	25.085255
6.223622	24.603359
6.225622	25.085255
6.324632	24.603359
6.326632	24.603359
6.430643	24.281976
6.432643	24.764015
6.522652	24.764015
6.524652	24.764015
6.621662	24.442679
6.623662	24.764015
6.721672	24.121249
6.723672	24.924647
6.822682	24.281976
6.824682	24.121249
6.922692	24.924647
6.924692	24.924647
7.022702	24.764015
7.024702	24.924647
7.122712	24.281976
7.124712	24.603359
7.221722	24.603359
7.223722	24.442679
7.321732	24.764015
7.323732	24.121249
7.422742	24.603359
7.424742	24.924647
7.522752	24.281976
7.524752	24.764015
7.622762	24.924647
7.624762	24.924647
7.721772	24.442679
7.723772	24.442679
7.822782	24.764015
7.824782	24.442679
7.921792	25.085255
7.923792	24.281976
8.021802	24.442679
8.023802	24.281976
8.122812	24.764015
8.124812	24.764015
8.221822	24.603359
8.223822	24.121249
8.322832	24.603359
8.324832	24.442679
8.421842	24.281976
8.423842	24.442679
8.522852	24.603359
8.524852	24.924647
8.622862	24.603359
8.624862	23.960498
8.722872	24.603359
8.724872	24.442679
8.822882	24.442679
8.824882	24.764015
8.922892	24.442679
8.924892	24.442679
9.022902	24.281976
9.024902	24.442679
9.122912	24.121249
9.124912	24.442679
9.256926	24.924647
9.258926	24.603359
9.321932	24.281976
9.323932	24.442679
9.422942	24.603359
9.424942	24.442679
9.522952	24.603359
9.524952	25.085255
9.622962	24.924647
9.624962	24.764015
9.721972	24.924647
9.723972	24.764015
9.877988	24.442679
9.879988	24.924647
9.920992	24.603359
9.922992	24.121249
10.023002	24.121249
10.025002	24.764015
10.122012	24.764015
10.124012	24.603359
10.222022	25.085255
10.224022	24.764015
10.323032	23.960498
10.325032	24.764015
10.423042	24.924647
10.425042	24.603359
10.524052	24.764015
10.526052	24.281976
10.622062	24.281976
10.624062	24.281976
10.722072	24.281976
10.724072	24.121249
10.821082	24.924647
10.823082	24.442679
10.923092	24.603359
10.925092	24.442679
11.022102	24.764015
11.024102	24.764015
11.123112	24.764015
11.125112	24.442679
11.222122	25.245840
11.224122	24.764015
11.321132	24.121249
11.323132	24.764015
11.423142	24.603359
11.425142	24.603359
11.522152	24.121249
11.524152	24.764015
11.623162	24.442679
11.625162	24.924647
11.722172	25.085255
11.724172	24.121249
11.822182	24.442679
11.824182	23.960498
11.923192	24.764015
11.925192	24.442679
12.023202	24.603359
12.025202	25.085255
12.122212	24.121249
12.124212	24.603359
12.223222	24.442679
12.225222	24.442679
12.322232	24.603359
12.324232	23.799725
12.423242	24.603359
12.425242	25.085255
12.523252	24.603359
12.525252	24.603359
12.624262	23.960498
12.626262	24.603359
12.722272	24.603359
12.724272	24.442679
12.823282	24.442679
12.825282	24.442679
12.922292	25.245840
12.924292	24.281976
13.023302	24.764015
13.025302	24.121249
13.123312	24.764015
13.125312	24.121249
13.223322	25.406401
13.225322	24.281976
13.324332	24.603359
13.326332	24.764015
13.422342	23.960498
13.424342	24.442679
13.522352	24.603359
13.524352	23.799725
13.623362	24.764015
13.625362	24.442679
13.721372	24.281976
13.723372	24.603359
13.822382	25.245840
13.824382	24.764015
13.922392	24.603359
13.924392	24.281976
14.022402	24.603359
14.024402	24.442679
14.123412	24.603359
14.125412	24.442679
14.223422	24.121249
14.225422	24.281976
14.322432	25.085255
14.324432	24.764015
14.423442	24.442679
14.425442	24.281976
14.521452	23.638927
14.523452	24.442679
14.623462	24.442679
14.625462	24.603359
14.722472	24.281976
14.724472	24.281976
14.823482	24.924647
14.825482	24.442679
14.923492	24.924647
14.925492	24.442679
15.022502	24.442679
15.024502	24.603359
15.122512	23.799725
15.124512	24.442679
15.223522	24.924647
15.225522	24.764015
15.322532	25.085255
15.324532	24.764015
15.421542	24.603359
15.423542	24.924647
15.522552	25.085255
15.524552	24.924647
15.623562	24.603359
15.625562	24.281976
15.722572	24.121249
15.724572	24.281976
15.823582	24.603359
15.825582	24.442679
15.921592	24.442679
15.923592	24.603359
16.022602	25.085255
16.024602	24.442679
16.124612	24.281976
16.126612	24.442679
16.223622	24.442679
16.225622	24.281976
16.323632	24.603359
16.325632	24.281976
16.423642	24.281976
16.425642	24.764015
16.521652	24.281976
16.523652	24.603359
16.623662	24.281976
16.625662	24.281976
16.721672	24.442679
16.723672	24.924647
16.821682	24.121249
16.823682	24.924647
16.921692	25.245840
16.923692	25.245840
17.023702	24.603359
17.025702	24.764015
17.121712	25.085255
17.123712	24.121249
17.221722	24.442679
17.223722	24.924647
17.323732	24.764015
17.325732	25.245840
17.421742	24.764015
17.423742	24.442679
17.523752	24.281976
17.525752	24.764015
17.623762	24.281976
17.625762	24.924647
17.723772	25.085255
17.725772	24.603359
17.822782	24.764015
17.824782	24.764015
17.924792	25.245840
17.926792	24.924647
18.021802	24.442679
18.023802	24.764015
18.122812	24.281976
18.124812	24.442679
18.223822	24.442679
18.225822	24.442679
18.321832	24.121249
18.323832	24.924647
18.422842	23.960498
18.424842	24.603359
18.521852	24.442679
18.523852	24.603359
18.621862	24.442679
18.623862	24.281976
18.723872	24.764015
18.725872	25.245840
18.821882	23.799725
18.823882	24.603359
18.921892	24.603359
18.923892	24.442679
19.022902	23.799725
19.024902	24.764015
19.120912	24.924647
19.122912	24.603359
19.221922	24.603359
19.223922	24.603359
19.321932	24.442679
19.323932	25.085255
19.423942	25.085255
19.425942	24.281976
19.526953	24.764015
19.528953	24.442679
19.626963	24.924647
19.628963	24.924647
19.726973	24.603359
19.728973	24.603359
19.825982	24.442679
19.827982	23.799725
19.927993	24.603359
19.929993	25.245840
20.024002	24.281976
20.026002	24.603359
20.124012	24.764015
20.126012	24.121249
20.223022	24.281976
20.225022	24.121249
20.323032	25.245840
20.325032	24.442679
20.422042	24.121249
20.424042	24.442679
20.522052	24.442679
20.524052	24.924647
20.622062	24.764015
20.624062	24.121249
20.724072	24.603359
20.726072	24.924647
20.823082	24.442679
20.825082	24.281976
20.922092	25.085255
20.924092	24.603359
21.024102	24.281976
21.026102	24.764015
21.124112	24.281976
21.126112	25.085255
21.224122	24.764015
21.226122	25.085255
21.324132	24.764015
21.326132	24.764015
21.424142	24.442679
21.426142	23.960498
21.524152	24.603359
21.526152	24.281976
21.623162	25.085255
21.625162	24.281976
21.723172	25.085255
21.725172	24.121249
21.824182	23.960498
21.826182	24.281976
21.922192	24.924647
21.924192	24.281976
22.024202	24.603359
22.026202	24.924647
22.123212	24.281976
22.125212	24.603359
22.223222	24.281976
22.225222	24.442679
22.324232	24.603359
22.326232	24.603359
22.423242	24.924647
22.425242	24.603359
22.523252	24.924647
22.525252	24.281976
22.624262	24.281976
22.626262	24.442679
22.723272	24.442679
22.725272	24.442679
22.824282	24.764015
22.826282	24.121249
22.924292	24.442679
22.926292	24.281976
23.023302	25.085255
23.025302	25.085255
23.124312	24.924647
23.126312	23.960498
23.222322	24.442679
23.224322	24.764015
23.324332	24.603359
23.326332	24.442679
23.424342	23.960498
23.426342	24.442679
23.524352	24.442679
23.526352	24.281976
23.624362	24.924647
23.626362	23.960498
23.724372	24.603359
23.726372	24.603359
23.824382	24.924647
23.826382	24.442679
23.924392	24.121249
23.926392	24.603359
24.023402	24.121249
24.025402	24.442679
24.123412	24.442679
24.125412	24.442679
24.224422	24.764015
24.226422	24.281976
24.324432	24.603359
24.326432	24.924647
24.424442	24.764015
24.426442	24.603359
24.524452	24.924647
24.526452	25.245840
24.624462	24.121249
24.626462	24.764015
24.724472	24.442679
24.726472	24.764015
24.824482	24.764015
24.826482	25.085255
24.924492	24.442679
24.926492	25.085255
25.024502	24.121249
25.026502	24.281976
25.124512	24.442679
25.126512	24.924647
25.224522	23.960498
25.226522	24.442679
25.324532	24.281976
25.326532	24.603359
25.423542	24.603359
25.425542	24.603359
25.523552	24.764015
25.525552	24.281976
25.624562	24.603359
25.626562	24.121249
25.724572	24.764015
25.726572	24.764015
25.824582	23.960498
25.826582	24.121249
25.924592	24.442679
25.926592	24.764015
26.023602	23.799725
26.025602	23.799725
26.124612	24.764015
26.126612	24.442679
26.224622	23.960498
26.226622	23.799725
26.324632	24.281976
26.326632	24.603359
26.424642	24.442679
26.426642	25.085255
26.525652	25.245840
26.527652	24.603359
26.623662	24.121249
26.625662	24.764015
26.724672	23.799725
26.726672	24.924647
26.824682	24.281976
26.826682	24.121249
26.923692	24.764015
26.925692	24.281976
27.024702	24.924647
27.026702	24.603359
27.124712	25.085255
27.126712	24.764015
27.224722	25.406401
27.226722	24.281976
27.323732	24.442679
27.325732	24.603359
27.423742	24.603359
27.425742	23.960498
27.524752	25.085255
27.526752	25.085255
27.624762	24.924647
27.626762	25.085255
27.723772	24.603359
27.725772	23.960498
27.824782	24.924647
27.826782	24.603359
27.924792	24.924647
27.926792	24.603359
28.024802	24.121249
28.026802	25.085255
28.123812	25.245840
28.125812	24.603359
28.224822	25.727452
28.226822	24.442679
28.324832	24.442679
28.326832	24.121249
28.424842	24.442679
28.426842	24.281976
28.524852	24.764015
28.526852	24.442679
28.623862	25.085255
28.625862	25.085255
28.723872	24.603359
28.725872	24.603359
28.824882	24.442679
28.826882	24.924647
28.923892	24.442679
28.925892	24.603359
29.024902	24.442679
29.026902	24.281976
29.122912	24.603359
29.124912	24.442679
29.223922	24.764015
29.225922	24.764015
29.324932	24.442679
29.326932	24.442679
29.424942	24.764015
29.426942	24.603359
29.524952	25.085255
29.526952	24.764015
29.624962	24.281976
29.626962	25.085255
29.723972	24.442679
29.725972	24.924647
29.823982	24.442679
29.825982	24.764015
29.924992	23.960498
29.926992	25.085255
30.025002	24.121249
30.027002	24.764015
30.124012	24.924647
30.126012	24.281976
30.224022	24.924647
30.226022	24.281976
30.324032	24.764015
30.326032	24.603359
30.424042	24.281976
30.426042	24.764015
30.524052	24.924647
30.526052	24.281976
30.624062	24.121249
30.626062	24.603359
30.723072	24.281976
30.725072	23.960498
30.825082	24.281976
30.827082	24.603359
30.925092	24.603359
30.927092	24.603359
31.025102	24.281976
31.027102	24.281976
31.125112	24.281976
31.127112	24.764015
31.225122	25.085255
31.227122	24.603359
31.325132	24.924647
31.327132	23.960498
31.424142	24.603359
31.426142	24.764015
31.525152	24.442679
31.527152	24.603359
31.621162	23.799725
31.623162	24.442679
31.728173	24.764015
31.730173	25.085255
31.828183	24.764015
31.830183	24.764015
31.928193	24.442679
31.930193	24.603359
32.028202	24.281976
32.030202	24.121249
32.128212	24.281976
32.130212	24.121249
32.228222	24.121249
32.230222	23.960498
32.328233	24.924647
32.330233	24.603359
32.428243	24.764015
32.430243	24.121249
32.528253	24.764015
32.530253	24.603359
32.629263	24.442679
32.631263	24.442679
32.728273	24.121249
32.730273	24.924647
32.828283	24.764015
32.830283	25.085255
32.928293	24.281976
32.930293	24.442679
33.028302	24.442679
33.030302	24.281976
33.130313	25.085255
33.132313	24.924647
33.229323	24.442679
33.231323	25.085255
33.331333	25.245840
33.333333	24.924647
33.431343	25.245840
33.433343	24.764015
33.532353	24.121249
33.534353	24.764015
33.631363	24.121249
33.633363	24.442679
33.729373	24.924647
33.731373	24.442679
33.828383	24.442679
33.830383	24.764015
33.928393	24.442679
33.930393	23.960498
34.029403	25.406401
34.031403	24.281976
34.126412	24.442679
34.128412	24.603359
34.226422	25.085255
34.228422	24.603359
34.326432	24.121249
34.328432	24.281976
34.426442	24.442679
34.428442	23.799725
34.526452	24.764015
34.528452	24.281976
34.627462	24.764015
34.629462	24.281976
34.726472	25.245840
34.728472	24.764015
34.826482	24.442679
34.828482	24.603359
34.924492	24.281976
34.926492	24.442679
35.023502	24.764015
35.025502	25.085255
35.124512	24.603359
35.126512	24.603359
35.223522	24.442679
35.225522	23.960498
35.323532	24.764015
35.325532	24.764015
35.423542	24.764015
35.425542	24.121249
35.523552	24.442679
35.525552	24.924647
35.624562	25.085255
35.626562	25.085255
35.724572	24.442679
35.726572	24.764015
35.826582	24.603359
35.828582	24.764015
35.925592	24.281976
35.927592	24.764015
36.026602	24.603359
36.028602	24.281976
36.126612	24.442679
36.128612	24.442679
36.226622	23.478107
36.228622	24.924647
36.326632	24.603359
36.328632	24.442679
36.426642	24.442679
36.428642	24.442679
36.526652	24.603359
36.528652	24.603359
36.629663	24.442679
36.631663	24.764015
36.729673	24.764015
36.731673	24.924647
36.828683	25.085255
36.830683	24.281976
36.929693	23.799725
36.931693	24.603359
37.028702	24.442679
37.030702	24.603359
37.128712	24.121249
37.130712	24.121249
37.225722	24.281976
37.227722	24.281976
37.326732	25.085255
37.328732	24.764015
37.427742	24.603359
37.429742	24.442679
37.527752	23.799725
37.529752	24.924647
37.627762	24.603359
37.629762	25.245840
37.726772	24.603359
37.728772	24.603359
37.830783	24.442679
37.832783	24.764015
37.930793	24.442679
37.932793	24.764015
38.029803	24.442679
38.031803	25.406401
38.128812	24.603359
38.130812	24.442679
38.229823	24.442679
38.231823	24.603359
38.328833	24.281976
38.330833	24.442679
38.425842	23.960498
38.427842	24.603359
38.525852	25.085255
38.527852	25.406401
38.624862	24.924647
38.626862	24.924647
38.724872	24.764015
38.726872	25.085255
38.823882	24.281976
38.825882	24.603359
38.923892	24.121249
38.925892	24.603359
39.024902	23.799725
39.026902	24.121249
39.124912	24.121249
39.126912	24.603359
39.224922	24.281976
39.226922	24.121249
39.324932	24.442679
39.326932	24.764015
39.424942	24.442679
39.426942	24.603359
39.524952	24.764015
39.526952	24.442679
39.624962	24.764015
39.626962	25.085255
39.723972	24.924647
39.725972	24.764015
39.823982	24.603359
39.825982	24.121249
39.923992	24.121249
39.925992	24.764015
40.025002	24.442679
40.027002	24.764015
40.125012	24.603359
40.127012	24.764015
40.225022	25.085255
40.227022	24.442679
40.325032	24.442679
40.327032	24.121249
40.424042	24.603359
40.426042	24.764015
40.525052	24.764015
40.527052	25.085255
40.625062	24.442679
40.627062	24.603359
40.726072	25.085255
40.728072	23.960498
40.825082	24.121249
40.827082	25.566938
40.925092	24.121249
40.927092	24.442679
41.025102	24.603359
41.027102	24.764015
41.125112	24.442679
41.127112	24.281976
41.225122	24.603359
41.227122	25.085255
41.325132	24.281976
41.327132	25.085255
41.424142	24.603359
41.426142	24.924647
41.525152	24.121249
41.527152	24.281976
41.624162	24.442679
41.626162	23.960498
41.723172	24.764015
41.725172	24.442679
41.824182	24.442679
41.826182	24.603359
41.924192	23.478107
41.926192	24.121249
42.025202	24.603359
42.027202	24.442679
42.125212	24.924647
42.127212	24.764015
42.225222	24.603359
42.227222	24.603359
42.325232	24.764015
42.327232	24.442679
42.425242	24.442679
42.427242	24.924647
42.525252	24.924647
42.527252	25.085255
42.625262	24.281976
42.627262	25.085255
42.725272	24.442679
42.727272	24.442679
42.825282	24.281976
42.827282	24.442679
42.925292	24.603359
42.927292	24.603359
43.025302	24.281976
43.027302	24.281976
43.125312	24.442679
43.127312	24.121249
43.225322	24.603359
43.227322	24.603359
43.324332	24.603359
43.326332	25.085255
43.425342	24.442679
43.427342	24.442679
43.525352	24.924647
43.527352	24.603359
43.625362	24.442679
43.627362	24.924647
43.724372	24.603359
43.726372	24.764015
43.824382	24.281976
43.826382	24.281976
43.927392	25.085255
43.929392	24.603359
44.026402	24.603359
44.028402	24.281976
44.127412	24.603359
44.129412	24.603359
44.227422	25.085255
44.229422	24.764015
44.327432	24.442679
44.329432	24.442679
44.427442	24.281976
44.429442	24.924647
44.526452	24.603359
44.528452	23.960498
44.649465	24.281976
44.651465	25.085255
44.725472	24.121249
44.727472	24.442679
44.824482	24.281976
44.826482	24.281976
44.925492	24.442679
44.927492	24.764015
45.024502	24.764015
45.026502	24.764015
45.124512	24.764015
45.126512	24.442679
45.224522	24.603359
45.226522	24.281976
45.325532	24.121249
45.327532	24.281976
45.425542	24.924647
45.427542	25.085255
45.525552	24.603359
45.527552	25.245840
45.625562	24.603359
45.627562	24.603359
45.725572	24.764015
45.727572	24.924647
45.827582	25.085255
45.829582	24.764015
45.927592	24.924647
45.929592	24.442679
46.027602	24.442679
46.029602	24.281976
46.127612	25.085255
46.129612	24.281976
46.226622	24.442679
46.228622	24.764015
46.327632	25.085255
46.329632	24.121249
46.427642	24.764015
46.429642	24.924647
46.526652	24.442679
46.528652	24.442679
46.626662	25.085255
46.628662	24.281976
46.726672	25.085255
46.728672	24.924647
46.824682	24.442679
46.826682	23.960498
46.927692	24.281976
46.929692	24.442679
47.026702	24.764015
47.028702	24.121249
47.126712	24.764015
47.128712	23.799725
47.226722	24.281976
47.228722	24.603359
47.327732	24.442679
47.329732	24.281976
47.426742	24.121249
47.428742	24.924647
47.527752	24.121249
47.529752	24.121249
47.626762	24.764015
47.628762	24.442679
47.726772	25.245840
47.728772	24.603359
47.827782	24.924647
47.829782	24.121249
47.926792	24.281976
47.928792	24.121249
48.026802	24.924647
48.028802	24.603359
48.127812	24.603359
48.129812	25.406401
48.227822	24.442679
48.229822	24.924647
48.327832	24.121249
48.329832	24.121249
48.427842	24.924647
48.429842	24.603359
48.527852	24.764015
48.529852	23.960498
48.627862	23.960498
48.629862	24.764015
48.727872	24.924647
48.729872	24.442679
48.826882	24.603359
48.828882	24.603359
48.926892	24.924647
48.928892	24.281976
49.026902	24.603359
49.028902	24.442679
49.126912	24.281976
49.128912	24.442679
49.226922	24.281976
49.228922	24.281976
49.326932	24.603359
49.328932	24.603359
49.427942	24.281976
49.429942	24.603359
49.526952	24.924647
49.528952	24.924647
49.626962	24.764015
49.628962	24.281976
49.726972	24.121249
49.728972	24.442679
49.825982	24.764015
49.827982	23.960498
49.924992	24.764015
49.926992	24.924647
50.026002	25.406401
50.028002	23.960498
50.125012	24.442679
50.127012	24.281976
50.225022	24.121249
50.227022	25.085255
50.326032	23.960498
50.328032	23.799725
50.425042	23.960498
50.427042	23.960498
50.525052	24.924647
50.527052	24.603359
50.625062	24.764015
50.627062	24.603359
50.725072	23.960498
50.727072	24.281976
50.825082	25.085255
50.827082	24.603359
50.925092	25.085255
50.927092	24.764015
51.025102	24.764015
51.027102	24.603359
51.124112	24.764015
51.126112	23.960498
51.225122	24.603359
51.227122	24.121249
51.325132	24.442679
51.327132	24.281976
51.425142	24.764015
51.427142	24.442679
51.525152	25.085255
51.527152	25.085255
51.625162	24.764015
51.627162	24.121249
51.725172	23.960498
51.727172	25.085255
51.825182	25.085255
51.827182	24.281976
51.925192	25.245840
51.927192	24.603359
52.025202	24.442679
52.027202	24.281976
52.125212	24.442679
52.127212	24.764015
52.225222	23.960498
52.227222	24.442679
52.325232	25.085255
52.327232	24.281976
52.425242	23.960498
52.427242	24.442679
52.525252	23.799725
52.527252	25.085255
52.624262	24.442679
52.626262	24.764015
52.724272	24.281976
52.726272	24.281976
52.824282	24.442679
52.826282	24.442679
52.921292	24.281976
52.923292	24.442679
53.025302	23.960498
53.027302	24.121249
53.125312	24.764015
53.127312	24.281976
53.224322	24.764015
53.226322	24.121249
53.324332	24.764015
53.326332	24.764015
53.423342	24.764015
53.425342	24.442679
53.525352	24.764015
53.527352	24.281976
53.625362	24.442679
53.627362	24.603359
53.725372	24.764015
53.727372	25.085255
53.825382	24.281976
53.827382	24.924647
53.925392	24.121249
53.927392	24.121249
54.025402	24.442679
54.027402	24.121249
54.125412	24.281976
54.127412	24.603359
54.225422	24.924647
54.227422	24.924647
54.325432	24.764015
54.327432	24.603359
54.425442	24.603359
54.427442	24.281976
54.525452	23.960498
54.527452	24.442679
54.625462	24.281976
54.627462	23.799725
54.724472	24.924647
54.726472	24.924647
54.824482	24.442679
54.826482	25.406401
54.925492	24.121249
54.927492	24.442679
55.024502	24.442679
55.026502	24.121249
55.124512	24.442679
55.126512	25.085255
55.224522	24.924647
55.226522	24.603359
55.325532	24.924647
55.327532	24.924647
55.424542	24.442679
55.426542	24.121249
55.525552	24.924647
55.527552	24.924647
55.624562	24.281976
55.626562	24.442679
55.724572	24.764015
55.726572	24.281976
55.824582	23.960498
55.826582	24.442679
55.923592	24.281976
55.925592	24.442679
56.025602	24.281976
56.027602	24.442679
56.124612	24.764015
56.126612	24.764015
56.224622	24.603359
56.226622	24.281976
56.325632	23.960498
56.327632	24.764015
56.425642	24.281976
56.427642	24.442679
56.524652	24.603359
56.526652	24.281976
56.624662	24.442679
56.626662	24.121249
56.725672	24.603359
56.727672	24.442679
56.825682	24.442679
56.827682	24.603359
56.924692	24.442679
56.926692	24.442679
57.024702	24.442679
57.026702	24.924647
57.124712	24.281976
57.126712	24.281976
57.224722	24.121249
57.226722	25.085255
57.324732	24.603359
57.326732	25.085255
57.425742	24.764015
57.427742	24.442679
57.526752	24.603359
57.528752	24.442679
57.626762	24.442679
57.628762	24.442679
57.727772	24.764015
57.729772	24.603359
57.827782	25.245840
57.829782	24.924647
57.927792	23.960498
57.929792	24.281976
58.027802	24.924647
58.029802	25.245840
58.127812	24.442679
58.129812	24.764015
58.225822	23.799725
58.227822	24.121249
58.326832	24.121249
58.328832	24.442679
58.427842	24.281976
58.429842	24.442679
58.521852	24.764015
58.523852	24.764015
58.625862	24.281976
58.627862	23.960498
58.724872	24.442679
58.726872	25.085255
58.824882	24.442679
58.826882	24.603359
58.924892	25.085255
58.926892	24.924647
59.024902	24.603359
59.026902	24.764015
59.125912	25.085255
59.127912	24.442679
59.225922	24.281976
59.227922	24.603359
59.324932	24.281976
59.326932	24.924647
59.425942	24.764015
59.427942	24.281976
59.525952	24.121249
59.527952	24.281976
59.625962	23.960498
59.627962	24.603359
59.723972	24.442679
59.725972	24.281976
59.824982	24.603359
59.826982	24.764015
59.924992	24.442679
59.926992	24.603359
60.025002	24.764015
60.027002	24.924647
60.125012	24.764015
60.127012	25.085255
60.226022	24.281976
60.228022	24.442679
60.326032	24.442679
60.328032	24.442679
60.425042	24.603359
60.427042	25.085255
60.525052	24.603359
60.527052	24.764015
60.626062	24.442679
60.628062	23.799725
60.726072	24.603359
60.728072	23.799725
60.826082	25.085255
60.828082	23.960498
60.925092	24.442679
60.927092	24.603359
61.026102	24.764015
61.028102	24.442679
61.125112	24.603359
61.127112	23.638927
61.225122	23.960498
61.227122	24.121249
61.325132	25.245840
61.327132	23.960498
61.425142	24.442679
61.427142	24.764015
61.525152	24.442679
61.527152	24.603359
61.625162	24.281976
61.627162	24.603359
61.725172	24.924647
61.727172	24.121249
61.825182	25.085255
61.827182	24.924647
61.925192	24.281976
61.927192	24.121249
62.025202	24.442679
62.027202	25.085255
62.125212	25.245840
62.127212	24.281976
62.225222	24.281976
62.227222	24.442679
62.325232	23.960498
62.327232	23.960498
62.426242	24.764015
62.428242	23.638927
62.527252	24.121249
62.529252	24.281976
62.626262	23.960498
62.628262	25.085255
62.726272	24.281976
62.728272	24.281976
62.826282	24.924647
62.828282	24.603359
62.926292	24.442679
62.928292	24.764015
63.026302	24.603359
63.028302	24.764015
63.125312	24.121249
63.127312	24.281976
63.225322	25.245840
63.227322	24.442679
63.325332	24.924647
63.327332	24.764015
63.427342	24.603359
63.429342	24.281976
63.527352	24.764015
63.529352	23.960498
63.627362	24.121249
63.629362	24.442679
63.727372	24.442679
63.729372	24.764015
63.827382	25.245840
63.829382	24.764015
63.928392	24.281976
63.930392	24.603359
64.027402	25.085255
64.029402	24.764015
64.127412	24.764015
64.129412	24.603359
64.227422	24.442679
64.229422	23.799725
64.327432	24.281976
64.329432	24.442679
64.428442	24.924647
64.430442	24.603359
64.528452	24.442679
64.530452	24.603359
64.628462	24.764015
64.630462	25.085255
64.724472	24.121249
64.726472	24.442679
64.826482	24.764015
64.828482	24.924647
64.925492	24.121249
64.927492	24.764015
65.025502	24.121249
65.027502	24.442679
65.127512	24.764015
65.129512	24.281976
65.226522	24.764015
65.228522	24.442679
65.325532	25.245840
65.327532	24.121249
65.425542	24.121249
65.427542	24.924647
65.525552	24.442679
65.527552	24.281976
65.625562	23.960498
65.627562	24.603359
65.725572	24.442679
65.727572	24.924647
65.825582	24.442679
65.827582	24.764015
65.925592	23.960498
65.927592	24.924647
66.026602	24.603359
66.028602	24.924647
66.126612	24.442679
66.128612	23.960498
66.225622	24.764015
66.227622	25.085255
66.325632	24.121249
66.327632	24.281976
66.425642	23.799725
66.427642	24.924647
66.525652	23.960498
66.527652	24.764015
66.627662	24.121249
66.629662	24.442679
66.725672	25.085255
66.727672	25.245840
66.825682	24.281976
66.827682	25.245840
66.924692	24.603359
66.926692	24.603359
67.025702	23.960498
67.027702	24.121249
67.125712	24.442679
67.127712	24.442679
67.224722	24.603359
67.226722	24.764015
67.325732	25.085255
67.327732	24.764015
67.425742	23.478107
67.427742	23.960498
67.524752	24.281976
67.526752	24.924647
67.622762	24.603359
67.624762	24.281976
67.726772	24.442679
67.728772	24.603359
67.826782	24.121249
67.828782	24.603359
67.924792	23.799725
67.926792	25.085255
68.024802	24.121249
68.026802	24.121249
68.124812	24.924647
68.126812	24.764015
68.224822	24.924647
68.226822	25.085255
68.323832	24.281976
68.325832	24.924647
68.426842	24.442679
68.428842	24.764015
68.523852	24.281976
68.525852	24.603359
68.626862	24.603359
68.628862	24.764015
68.725872	24.121249
68.727872	24.281976
68.826882	24.281976
68.828882	24.442679
68.923892	24.281976
68.925892	24.764015
69.027902	24.603359
69.029902	24.603359
69.126912	24.281976
69.128912	24.603359
69.227922	24.764015
69.229922	24.442679
69.327932	24.924647
69.329932	24.121249
69.427942	25.085255
69.429942	24.442679
69.527952	25.085255
69.529952	24.281976
69.626962	24.281976
69.628962	24.442679
69.723972	24.924647
69.725972	24.121249
69.824982	24.121249
69.826982	24.603359
69.923992	24.281976
69.925992	24.442679
70.026002	23.478107
70.028002	24.442679
70.128012	24.281976
70.130012	24.764015
70.226022	24.603359
70.228022	24.281976
70.325032	24.281976
70.327032	24.281976
70.424042	24.764015
70.426042	25.085255
70.527052	24.121249
70.529052	24.603359
70.628062	24.281976
70.630062	24.764015
70.724072	24.442679
70.726072	24.281976
70.827082	24.764015
70.829082	24.121249
70.927092	24.121249
70.929092	24.281976
71.027102	24.603359
71.029102	24.603359
71.127112	24.603359
71.129112	23.960498
71.227122	24.764015
71.229122	24.603359
71.327132	24.603359
71.329132	24.764015
71.426142	24.764015
71.428142	24.442679
71.527152	23.478107
71.529152	25.085255
71.626162	24.281976
71.628162	24.603359
71.727172	24.603359
71.729172	24.603359
71.825182	24.764015
71.827182	24.603359
71.927192	23.960498
71.929192	24.121249
72.027202	24.603359
72.029202	24.442679
72.125212	25.406401
72.127212	24.603359
72.226222	24.121249
72.228222	24.442679
72.327232	24.442679
72.329232	24.121249
72.427242	24.281976
72.429242	24.121249
72.526252	24.121249
72.528252	24.924647
72.627262	24.603359
72.629262	24.924647
72.726272	24.281976
72.728272	24.603359
72.827282	24.764015
72.829282	25.085255
72.926292	24.281976
72.928292	24.121249
73.027302	24.121249
73.029302	24.603359
73.125312	24.281976
73.127312	23.960498
73.226322	24.603359
73.228322	23.960498
73.327332	24.121249
73.329332	24.281976
73.425342	24.442679
73.427342	24.924647
73.524352	24.442679
73.526352	25.245840
73.623362	25.085255
73.625362	23.960498
73.727372	24.121249
73.729372	24.924647
73.827382	24.764015
73.829382	24.924647
73.927392	24.442679
73.929392	24.764015
74.025402	24.603359
74.027402	24.924647
74.124412	24.924647
74.126412	24.603359
74.226422	24.764015
74.228422	24.764015
74.325432	24.603359
74.327432	24.603359
74.427442	24.281976
74.429442	23.960498
74.525452	24.121249
74.527452	24.442679
74.627462	24.924647
74.629462	24.281976
74.724472	24.281976
74.726472	24.281976
74.826482	24.281976
74.828482	24.924647
74.925492	24.603359
74.927492	25.566938
75.025502	24.924647
75.027502	24.442679
75.125512	24.764015
75.127512	24.121249
75.227522	23.799725
75.229522	24.764015
75.325532	24.764015
75.327532	24.281976
75.425542	24.924647
75.427542	24.603359
75.525552	24.603359
75.527552	24.281976
75.626562	24.281976
75.628562	25.085255
75.725572	24.281976
75.727572	24.281976
75.825582	24.603359
75.827582	24.603359
75.927592	24.603359
75.929592	25.245840
76.026602	24.281976
76.028602	24.603359
76.126612	24.603359
76.128612	24.442679
76.226622	23.799725
76.228622	24.764015
76.325632	24.281976
76.327632	25.085255
76.425642	24.281976
76.427642	24.281976
76.525652	24.442679
76.527652	25.245840
76.627662	24.281976
76.629662	24.442679
76.726672	25.085255
76.728672	24.281976
76.825682	24.121249
76.827682	24.924647
76.926692	24.442679
76.928692	23.960498
77.026702	24.764015
77.028702	24.442679
77.126712	24.281976
77.128712	24.442679
77.225722	24.764015
77.227722	24.442679
77.324732	24.603359
77.326732	24.121249
77.425742	24.603359
77.427742	24.924647
77.526752	24.603359
77.528752	23.960498
77.626762	24.924647
77.628762	24.281976
77.726772	25.245840
77.728772	24.121249
77.824782	24.924647
77.826782	24.603359
77.925792	24.281976
77.927792	24.924647
78.027802	24.603359
78.029802	25.085255
78.125812	23.960498
78.127812	24.924647
78.224822	24.121249
78.226822	24.764015
78.326832	24.121249
78.328832	24.603359
78.424842	24.764015
78.426842	24.764015
78.525852	24.764015
78.527852	23.638927
78.626862	24.603359
78.628862	25.085255
78.726872	24.764015
78.728872	24.121249
78.825882	24.924647
78.827882	24.281976
78.926892	24.442679
78.928892	24.764015
79.025902	24.442679
79.027902	24.764015
79.125912	24.924647
79.127912	24.281976
79.225922	24.764015
79.227922	25.406401
79.326932	24.603359
79.328932	25.245840
79.425942	24.281976
79.427942	24.764015
79.524952	24.603359
79.526952	24.764015
79.627962	25.245840
79.629962	24.764015
79.725972	24.603359
79.727972	24.442679
79.825982	25.085255
79.827982	24.603359
79.924992	23.638927
79.926992	24.603359
80.027002	24.121249
80.029002	25.085255
80.127012	24.442679
80.129012	24.764015
80.225022	24.281976
80.227022	24.121249
80.327032	24.281976
80.329032	25.245840
80.428042	24.281976
80.430042	23.799725
80.526052	24.603359
80.528052	24.764015
80.625062	24.442679
80.627062	24.764015
80.725072	24.442679
80.727072	24.764015
80.827082	24.442679
80.829082	24.924647
80.927092	24.603359
80.929092	24.603359
81.025102	24.121249
81.027102	23.799725
81.127112	24.603359
81.129112	25.085255
81.226122	24.603359
81.228122	24.924647
81.326132	24.603359
81.328132	23.799725
81.426142	24.442679
81.428142	24.281976
81.526152	24.603359
81.528152	24.924647
81.626162	24.121249
81.628162	24.442679
81.726172	24.121249
81.728172	24.924647
81.827182	25.085255
81.829182	24.442679
81.927192	25.085255
81.929192	24.121249
82.027202	24.603359
82.029202	25.566938
82.127212	25.085255
82.129212	24.764015
82.226222	24.281976
82.228222	24.442679
82.327232	24.603359
82.329232	23.960498
82.427242	24.603359
82.429242	23.960498
82.525252	24.281976
82.527252	24.764015
82.628262	24.603359
82.630262	24.924647
82.727272	24.603359
82.729272	24.603359
82.827282	24.442679
82.829282	24.442679
82.925292	24.764015
82.927292	24.121249
83.027302	24.442679
83.029302	24.924647
83.126312	24.924647
83.128312	24.924647
83.225322	23.960498
83.227322	24.121249
83.327332	24.121249
83.329332	24.603359
83.427342	24.603359
83.429342	25.406401
83.527352	24.281976
83.529352	24.121249
83.626362	24.442679
83.628362	25.245840
83.727372	24.281976
83.729372	24.281976
83.828382	24.603359
83.830382	25.085255
83.926392	23.960498
83.928392	24.442679
84.025402	24.764015
84.027402	24.764015
84.125412	25.085255
84.127412	25.085255
84.226422	24.121249
84.228422	24.603359
84.325432	24.603359
84.327432	24.924647
84.424442	24.603359
84.426442	24.121249
84.527452	24.442679
84.529452	24.603359
84.627462	23.960498
84.629462	24.603359
84.726472	24.442679
84.728472	24.281976
84.826482	24.121249
84.828482	24.603359
84.927492	24.442679
84.929492	24.603359
85.026502	25.085255
85.028502	24.442679
85.126512	23.960498
85.128512	24.603359
85.226522	24.121249
85.228522	24.924647
85.326532	24.281976
85.328532	24.121249
85.425542	24.764015
85.427542	24.603359
85.525552	24.603359
85.527552	24.281976
85.623562	24.121249
85.625562	24.924647
85.725572	24.442679
85.727572	24.281976
85.824582	24.442679
85.826582	25.085255
85.927592	24.603359
85.929592	25.085255
86.024602	24.121249
86.026602	24.281976
86.127612	25.406401
86.129612	25.085255
86.224622	23.960498
86.226622	24.603359
86.326632	24.603359
86.328632	24.764015
86.426642	25.085255
86.428642	24.603359
86.526652	24.603359
86.528652	24.764015
86.626662	24.603359
86.628662	24.764015
86.726672	25.245840
86.728672	24.442679
86.827682	24.924647
86.829682	24.121249
86.926692	24.442679
86.928692	25.245840
87.026702	25.245840
87.028702	24.764015
87.126712	24.924647
87.128712	24.442679
87.226722	24.764015
87.228722	25.085255
87.327732	25.245840
87.329732	24.121249
